00000000000000000001000100110111
00000000000000000000000010010111
00000000110000001000000010010011
00001001110000000000000001101111
00000000000000000000000001101111
11111110000000010000000100010011
00000000000100010010111000100011
00000000100000010010110000100011
00000010000000010000010000010011
00000000101000000000011110010011
11111110111101000010010000100011
00000001010000000000011110010011
11111110111101000010001000100011
00000110000100000000011110010011
11111110111101000000011110100011
11111110100001000010011110000011
00000000010100000000010110010011
00000000000001111000010100010011
00010011110000000000000011101111
00000000000001010000011110010011
00000010000001111001011001100011
11111110100001000010011110000011
00001111111101111111011110010011
11111110010001000010011100000011
00001111111101110111011100010011
00000000000001110000010110010011
00000000000001111000010100010011
00000111000000000000000011101111
00000000000001010000011110010011
11111110111101000000011110100011
00000001100000000000000001101111
11111110100001000010010110000011
11111110010001000010010100000011
00000111110000000000000011101111
00000000000001010000011110010011
11111110111101000000011110100011
11111110111101000100011110000011
00000000000001111000010100010011
00000001110000010010000010000011
00000001100000010010010000000011
00000010000000010000000100010011
00000000000000001000000001100111
11111110000000010000000100010011
00000000000100010010111000100011
00000000100000010010110000100011
00000010000000010000010000010011
11110101110111111111000011101111
00000000000001010000011110010011
11111110111101000010011000100011
11111110110001000010011110000011
00000000000001111000010100010011
00000001110000010010000010000011
00000001100000010010010000000011
00000010000000010000000100010011
00000000000000001000000001100111
00000000000001010000011000010011
00000000000000000000010100010011
00000000000101011111011010010011
00000000000001101000010001100011
00000000110001010000010100110011
00000000000101011101010110010011
00000000000101100001011000010011
11111110000001011001011011100011
00000000000000001000000001100111
00000110000001010100000001100011
00000110000001011100011001100011
00000000000001011000011000010011
00000000000001010000010110010011
11111111111100000000010100010011
00000010000001100000110001100011
00000000000100000000011010010011
00000000101101100111101001100011
00000000110000000101100001100011
00000000000101100001011000010011
00000000000101101001011010010011
11111110101101100110101011100011
00000000000000000000010100010011
00000000110001011110011001100011
01000000110001011000010110110011
00000000110101010110010100110011
00000000000101101101011010010011
00000000000101100101011000010011
11111110000001101001011011100011
00000000000000001000000001100111
00000000000000001000001010010011
11111011010111111111000011101111
00000000000001011000010100010011
00000000000000101000000001100111
01000000101000000000010100110011
00000000000001011101100001100011
01000000101100000000010110110011
11111001110111111111000001101111
01000000101100000000010110110011
00000000000000001000001010010011
11111001000111111111000011101111
01000000101000000000010100110011
00000000000000101000000001100111
00000000000000001000001010010011
00000000000001011100101001100011
00000000000001010100110001100011
11110111100111111111000011101111
00000000000001011000010100010011
00000000000000101000000001100111
01000000101100000000010110110011
11111110000001010101100011100011
01000000101000000000010100110011
11110110000111111111000011101111
01000000101100000000010100110011
00000000000000101000000001100111
