00000000000000000001000100110111
00000000000000000000000010010111
00000000110000001000000010010011
00001011010000000000000001101111
00000000000000000000000001101111
11111110000000010000000100010011
00000000100000010010111000100011
00000010000000010000010000010011
11111110101001000010011000100011
11111110101101000010010000100011
11111110100001000010011110000011
11111110110001000010011100000011
00000000111001111010000000100011
00000000000000000000000000010011
00000001110000010010010000000011
00000010000000010000000100010011
00000000000000001000000001100111
11111110000000010000000100010011
00000000100000010010111000100011
00000010000000010000010000010011
01000000000000000010011110000011
11111110111101000010011000100011
11111110000001000010010000100011
00000011000000000000000001101111
01000001000000000000011100010011
11111110100001000010011110000011
00000000001001111001011110010011
00000000111101110000011110110011
00000000000001111010011110000011
11111110110001000010011100000011
00000000111101110000011110110011
11111110111101000010011000100011
11111110100001000010011110000011
00000000000101111000011110010011
11111110111101000010010000100011
11111110100001000010011100000011
00000000010000000000011110010011
11111100111001111101011011100011
11111110110001000010011100000011
00001010000000000000011110010011
00000000111101110001011001100011
00000000000100000000011110010011
00000000100000000000000001101111
00000000000000000000011110010011
00000000000001111000010100010011
00000001110000010010010000000011
00000010000000010000000100010011
00000000000000001000000001100111
11111110000000010000000100010011
00000000000100010010111000100011
00000000100000010010110000100011
00000010000000010000010000010011
11110111010111111111000011101111
11111110101001000010011000100011
00000000000000000001011110110111
11000000000001111000010110010011
11111110110001000010010100000011
11110011000111111111000011101111
00000000000000000000011110010011
00000000000001111000010100010011
00000001110000010010000010000011
00000001100000010010010000000011
00000010000000010000000100010011
00000000000000001000000001100111
